Coefficients: [9375.75621291]
Intercept: 26542.245817322415
